4 8 12 14 16 21 24 26
4 8 12 15 16 19 24 26
4 8 12 15 16 21 24 26
4 8 12 15 16 20 24 26
4 6 11 14 16 19 24 26
4 6 11 13 16 19 24 26
4 6 11 15 16 19 24 26
4 6 12 14 16 19 24 26
4 6 12 14 16 21 24 26
4 6 12 14 16 20 24 26
4 6 12 13 16 19 24 26
4 6 12 13 16 21 24 26
4 6 12 13 16 20 24 26
4 6 12 15 16 19 24 26
4 6 12 15 16 21 24 26
4 6 12 15 16 20 24 26
4 6 9 14 16 19 24 26
4 6 9 13 16 19 24 26
4 6 9 15 16 19 24 26
4 6 10 14 16 19 24 26
4 6 10 13 16 19 24 26
4 6 10 15 16 19 24 26
4 7 10 14 18 19 24 26
4 7 10 13 18 19 24 26
4 7 10 15 18 19 24 26
4 5 11 14 18 19 24 26
4 5 11 15 16 19 24 26
4 5 11 15 18 19 24 26
4 5 12 14 16 21 24 26
4 5 12 14 18 19 24 26
4 5 12 15 16 19 24 26
4 5 12 15 16 21 24 26
4 5 12 15 16 20 23 26
4 5 12 15 18 19 24 26
4 5 12 15 18 21 23 26
4 5 12 15 18 20 23 26
4 5 9 14 16 19 24 26
4 5 9 14 18 19 24 26
4 5 9 15 16 19 24 26
4 5 9 15 18 19 24 26
4 5 10 14 18 19 24 26
4 5 10 15 16 19 24 26
4 5 10 15 18 19 24 26
2 8 12 14 16 21 24 26
2 6 11 13 16 19 24 26
2 6 11 15 16 19 24 26
2 6 12 14 16 21 24 26
2 6 12 13 16 19 24 26
2 6 12 13 16 21 24 26
2 6 12 13 16 20 23 26
2 6 12 13 18 20 23 26
2 6 12 15 16 19 24 26
2 6 12 15 16 21 24 26
2 6 12 15 16 20 23 26
2 6 12 15 18 21 23 26
2 6 12 15 18 20 23 26
2 6 9 14 16 19 24 26
2 6 9 13 16 19 24 26
2 6 9 15 16 19 24 26
2 6 10 14 16 19 24 26
2 6 10 13 16 19 24 26
2 6 10 15 16 19 24 26
2 7 10 13 18 19 24 26
2 5 11 14 18 19 24 26
2 5 11 15 16 19 24 26
2 5 11 15 18 19 24 26
2 5 12 14 16 21 24 26
2 5 12 14 18 19 24 26
2 5 12 15 16 19 24 26
2 5 12 15 16 21 24 26
2 5 12 15 16 20 23 26
2 5 12 15 18 19 24 26
2 5 12 15 18 21 23 26
2 5 12 15 18 20 23 26
2 5 9 14 16 19 24 26
2 5 9 14 18 19 24 26
2 5 10 14 18 19 24 26
3 6 11 15 16 19 24 26
3 6 11 15 16 21 24 26
3 6 11 15 16 20 24 26
3 6 12 15 16 19 24 26
3 6 12 15 16 21 24 26
3 6 9 14 18 21 24 26
3 6 9 14 18 20 24 26
3 6 9 13 18 21 23 26
3 6 9 13 18 20 23 26
3 6 9 15 16 19 24 26
3 6 9 15 16 21 24 26
3 6 9 15 18 21 23 26
3 6 9 15 18 20 23 26
3 6 10 15 16 19 24 26
3 6 10 15 16 21 24 26
3 7 10 14 18 19 24 26
3 7 10 13 18 19 24 26
3 5 11 15 16 19 24 26
3 5 11 15 16 21 24 26
3 5 11 15 16 20 24 26
3 5 12 15 16 19 24 26
3 5 12 15 16 20 25 26
1 8 11 14 16 21 24 26
1 8 12 14 16 21 24 26
1 8 9 14 16 21 24 26
1 8 9 14 18 21 24 26
1 8 9 14 17 21 24 26
1 8 9 13 17 21 23 26
1 8 9 13 17 20 23 26
1 8 10 14 16 21 24 26
1 6 11 14 16 21 24 26
1 6 11 13 16 21 23 26
1 6 11 13 16 20 23 26
1 6 11 13 18 21 23 26
1 6 11 13 18 20 23 26
1 6 11 15 16 21 24 26
1 6 11 15 16 20 24 26
1 6 11 15 18 21 23 26
1 6 11 15 18 20 23 26
1 6 12 14 16 21 24 26
1 6 12 13 16 19 24 26
1 6 12 13 16 21 23 26
1 6 12 13 16 20 23 26
1 6 12 13 18 21 23 26
1 6 12 13 18 20 23 26
1 6 12 15 16 19 24 26
1 6 12 15 16 21 23 26
1 6 12 15 16 20 23 26
1 6 12 15 18 21 23 26
1 6 9 14 16 21 24 26
1 6 9 14 18 21 24 26
1 6 9 14 17 21 24 26
1 6 9 13 16 21 23 26
1 6 9 13 16 20 23 26
1 6 9 13 18 21 23 26
1 6 9 13 18 20 22 26
1 6 9 13 17 21 23 26
1 6 9 13 17 20 22 26
1 6 9 15 16 21 23 26
1 6 9 15 16 20 23 26
1 6 9 15 18 21 23 26
1 6 9 15 18 20 22 26
1 6 9 15 17 21 23 26
1 6 9 15 17 20 22 26
1 6 10 14 16 21 24 26
1 6 10 13 16 21 23 26
1 6 10 13 16 20 23 26
1 6 10 13 18 21 23 26
1 6 10 15 16 21 23 26
1 6 10 15 16 20 23 26
1 6 10 15 18 21 23 26
1 7 10 13 18 19 24 26
1 5 11 14 16 21 24 26
1 5 11 14 18 19 24 26
1 5 11 15 16 19 24 26
1 5 11 15 16 21 24 26
1 5 11 15 16 20 24 26
1 5 11 15 18 19 24 26
1 5 11 15 18 21 23 26
1 5 12 14 16 21 24 26
1 5 12 14 18 19 24 26
1 5 12 15 16 19 24 26
1 5 12 15 16 21 23 26
1 5 12 15 16 20 25 26
1 5 12 15 18 19 24 26
1 5 12 15 18 21 25 26
1 5 9 14 16 19 24 26
1 5 9 14 16 21 24 26
1 5 9 14 16 20 24 26
1 5 9 14 18 19 24 26
1 5 9 14 18 21 24 26
1 5 9 14 17 19 24 26
1 5 9 14 17 21 24 26
1 5 9 14 17 20 24 26
1 5 10 14 16 21 24 26
1 5 10 14 18 19 24 26
4 8 11 14 16 19 24 27
4 8 11 14 16 21 24 27
4 8 11 14 16 20 24 27
4 8 11 14 18 19 24 27
4 8 11 14 18 21 24 27
4 8 11 14 18 20 24 27
4 8 11 14 17 19 24 27
4 8 11 14 17 21 24 27
4 8 11 14 17 20 24 27
4 8 11 13 16 19 24 27
4 8 11 13 16 21 24 27
4 8 11 13 16 20 24 27
4 8 11 13 18 19 24 27
4 8 11 13 18 21 24 27
4 8 11 13 18 20 24 27
4 8 11 13 17 19 24 27
4 8 11 13 17 21 24 27
4 8 11 13 17 20 24 27
4 8 11 15 16 19 24 27
4 8 11 15 16 21 24 27
4 8 11 15 16 20 24 27
4 8 11 15 18 19 24 27
4 8 11 15 18 21 24 27
4 8 11 15 18 20 24 27
4 8 11 15 17 19 24 27
4 8 11 15 17 21 24 27
4 8 11 15 17 20 24 27
4 8 12 14 16 19 24 27
4 8 12 14 16 20 24 27
4 8 12 14 18 19 24 27
4 8 12 14 18 21 24 27
4 8 12 14 18 20 24 27
4 8 12 14 17 19 24 27
4 8 12 14 17 21 24 27
4 8 12 14 17 20 24 27
4 8 12 13 16 19 24 27
4 8 12 13 16 21 24 27
4 8 12 13 16 20 24 27
4 8 12 13 18 19 24 27
4 8 12 13 18 21 24 27
4 8 12 13 18 20 24 27
4 8 12 13 17 19 24 27
4 8 12 13 17 21 24 27
4 8 12 13 17 20 24 27
4 8 12 15 18 19 24 27
4 8 12 15 18 21 24 27
4 8 12 15 18 20 24 27
4 8 12 15 17 19 24 27
4 8 12 15 17 21 24 27
4 8 12 15 17 20 24 27
4 8 9 14 16 19 24 27
4 8 9 14 16 21 24 27
4 8 9 14 16 20 24 27
4 8 9 14 18 19 24 27
4 8 9 14 18 21 24 27
4 8 9 14 18 20 24 27
4 8 9 14 17 19 24 27
4 8 9 14 17 21 24 27
4 8 9 14 17 20 24 27
4 8 9 13 16 19 24 27
4 8 9 13 16 21 24 27
4 8 9 13 16 20 24 27
4 8 9 13 18 19 24 27
4 8 9 13 18 21 24 27
4 8 9 13 18 20 24 27
4 8 9 13 17 19 24 27
4 8 9 13 17 21 24 27
4 8 9 13 17 20 24 27
4 8 9 15 16 19 24 27
4 8 9 15 16 21 24 27
4 8 9 15 16 20 24 27
4 8 9 15 18 19 24 27
4 8 9 15 18 21 24 27
4 8 9 15 18 20 24 27
4 8 9 15 17 19 24 27
4 8 9 15 17 21 24 27
4 8 9 15 17 20 24 27
4 8 10 14 16 19 24 27
4 8 10 14 16 21 24 27
4 8 10 14 16 20 24 27
4 8 10 14 18 19 24 27
4 8 10 14 18 21 24 27
4 8 10 14 18 20 24 27
4 8 10 14 17 19 24 27
4 8 10 14 17 21 24 27
4 8 10 14 17 20 24 27
4 8 10 13 16 19 24 27
4 8 10 13 16 21 24 27
4 8 10 13 16 20 24 27
4 8 10 13 18 19 24 27
4 8 10 13 18 21 24 27
4 8 10 13 18 20 24 27
4 8 10 13 17 19 24 27
4 8 10 13 17 21 24 27
4 8 10 13 17 20 24 27
4 8 10 15 16 19 24 27
4 8 10 15 16 21 24 27
4 8 10 15 16 20 24 27
4 8 10 15 18 19 24 27
4 8 10 15 18 21 24 27
4 8 10 15 18 20 24 27
4 8 10 15 17 19 24 27
4 8 10 15 17 21 24 27
4 8 10 15 17 20 24 27
4 6 11 14 16 21 24 27
4 6 11 14 16 20 24 27
4 6 11 14 18 19 24 27
4 6 11 14 18 21 24 27
4 6 11 14 18 20 24 27
4 6 11 14 17 19 24 27
4 6 11 14 17 21 24 27
4 6 11 14 17 20 24 27
4 6 11 13 16 21 24 27
4 6 11 13 16 20 24 27
4 6 11 13 18 19 24 27
4 6 11 13 18 21 24 27
4 6 11 13 18 20 24 27
4 6 11 13 17 19 24 27
4 6 11 13 17 21 24 27
4 6 11 13 17 20 24 27
4 6 11 15 16 21 24 27
4 6 11 15 16 20 24 27
4 6 11 15 18 19 24 27
4 6 11 15 18 21 24 27
4 6 11 15 18 20 24 27
4 6 11 15 17 19 24 27
4 6 11 15 17 21 24 27
4 6 11 15 17 20 24 27
4 6 12 14 18 19 24 27
4 6 12 14 18 21 24 27
4 6 12 14 18 20 24 27
4 6 12 14 17 19 24 27
4 6 12 14 17 21 24 27
4 6 12 14 17 20 24 27
4 6 12 13 18 19 24 27
4 6 12 13 18 21 24 27
4 6 12 13 18 20 24 27
4 6 12 13 17 19 24 27
4 6 12 13 17 21 24 27
4 6 12 13 17 20 24 27
4 6 12 15 18 19 24 27
4 6 12 15 18 21 24 27
4 6 12 15 18 20 24 27
4 6 12 15 17 19 24 27
4 6 12 15 17 21 24 27
4 6 12 15 17 20 24 27
4 6 9 14 16 21 24 27
4 6 9 14 16 20 24 27
4 6 9 14 18 19 24 27
4 6 9 14 18 21 24 27
4 6 9 14 18 20 24 27
4 6 9 14 17 19 24 27
4 6 9 14 17 21 24 27
4 6 9 14 17 20 24 27
4 6 9 13 16 21 24 27
4 6 9 13 16 20 24 27
4 6 9 13 18 19 24 27
4 6 9 13 18 21 24 27
4 6 9 13 18 20 24 27
4 6 9 13 17 19 24 27
4 6 9 13 17 21 24 27
4 6 9 13 17 20 24 27
4 6 9 15 16 21 24 27
4 6 9 15 16 20 24 27
4 6 9 15 18 19 24 27
4 6 9 15 18 21 24 27
4 6 9 15 18 20 24 27
4 6 9 15 17 19 24 27
4 6 9 15 17 21 24 27
4 6 9 15 17 20 24 27
4 6 10 14 16 21 24 27
4 6 10 14 16 20 24 27
4 6 10 14 18 19 24 27
4 6 10 14 18 21 24 27
4 6 10 14 18 20 24 27
4 6 10 14 17 19 24 27
4 6 10 14 17 21 24 27
4 6 10 14 17 20 24 27
4 6 10 13 16 21 24 27
4 6 10 13 16 20 24 27
4 6 10 13 18 19 24 27
4 6 10 13 18 21 24 27
4 6 10 13 18 20 24 27
4 6 10 13 17 19 24 27
4 6 10 13 17 21 24 27
4 6 10 13 17 20 24 27
4 6 10 15 16 21 24 27
4 6 10 15 16 20 24 27
4 6 10 15 18 19 24 27
4 6 10 15 18 21 24 27
4 6 10 15 18 20 24 27
4 6 10 15 17 19 24 27
4 6 10 15 17 21 24 27
4 6 10 15 17 20 24 27
4 7 11 14 16 19 24 27
4 7 11 14 16 21 24 27
4 7 11 14 16 20 24 27
4 7 11 14 18 19 24 27
4 7 11 14 18 21 24 27
4 7 11 14 18 20 24 27
4 7 11 14 17 19 24 27
4 7 11 14 17 21 24 27
4 7 11 14 17 20 24 27
4 7 11 13 16 19 24 27
4 7 11 13 16 21 24 27
4 7 11 13 16 20 23 27
4 7 11 13 18 19 24 27
4 7 11 13 18 21 24 27
4 7 11 13 18 20 23 27
4 7 11 13 17 19 24 27
4 7 11 13 17 21 23 27
4 7 11 13 17 20 23 27
4 7 11 15 16 19 24 27
4 7 11 15 16 21 24 27
4 7 11 15 16 20 24 27
4 7 11 15 18 19 24 27
4 7 11 15 18 21 24 27
4 7 11 15 18 20 23 27
4 7 11 15 17 19 24 27
4 7 11 15 17 21 23 27
4 7 11 15 17 20 23 27
4 7 12 14 16 19 24 27
4 7 12 14 16 21 24 27
4 7 12 14 16 20 24 27
4 7 12 14 18 19 24 27
4 7 12 14 18 21 24 27
4 7 12 14 18 20 24 27
4 7 12 14 17 19 24 27
4 7 12 14 17 21 24 27
4 7 12 14 17 20 24 27
4 7 12 13 16 19 24 27
4 7 12 13 16 21 24 27
4 7 12 13 16 20 23 27
4 7 12 13 18 19 24 27
4 7 12 13 18 21 24 27
4 7 12 13 18 20 23 27
4 7 12 13 17 19 24 27
4 7 12 13 17 21 23 27
4 7 12 13 17 20 23 27
4 7 12 15 16 19 24 27
4 7 12 15 16 21 24 27
4 7 12 15 16 20 23 27
4 7 12 15 18 19 24 27
4 7 12 15 18 21 23 27
4 7 12 15 18 20 23 27
4 7 12 15 17 19 24 27
4 7 12 15 17 21 23 27
4 7 12 15 17 20 23 27
4 7 9 14 16 19 24 27
4 7 9 14 16 21 24 27
4 7 9 14 16 20 24 27
4 7 9 14 18 19 24 27
4 7 9 14 18 21 24 27
4 7 9 14 18 20 24 27
4 7 9 14 17 19 24 27
4 7 9 14 17 21 24 27
4 7 9 14 17 20 24 27
4 7 9 13 16 19 24 27
4 7 9 13 16 21 24 27
4 7 9 13 16 20 23 27
4 7 9 13 18 19 24 27
4 7 9 13 18 21 23 27
4 7 9 13 18 20 23 27
4 7 9 13 17 19 24 27
4 7 9 13 17 21 23 27
4 7 9 13 17 20 23 27
4 7 9 15 16 19 24 27
4 7 9 15 16 21 24 27
4 7 9 15 16 20 23 27
4 7 9 15 18 19 24 27
4 7 9 15 18 21 23 27
4 7 9 15 18 20 23 27
4 7 9 15 17 19 24 27
4 7 9 15 17 21 23 27
4 7 9 15 17 20 23 27
4 7 10 14 16 19 24 27
4 7 10 14 16 21 24 27
4 7 10 14 16 20 24 27
4 7 10 14 18 21 24 27
4 7 10 14 18 20 24 27
4 7 10 14 17 19 24 27
4 7 10 14 17 21 24 27
4 7 10 14 17 20 24 27
4 7 10 13 16 19 24 27
4 7 10 13 16 21 24 27
4 7 10 13 16 20 23 27
4 7 10 13 18 21 23 27
4 7 10 13 18 20 23 27
4 7 10 13 17 19 24 27
4 7 10 13 17 21 23 27
4 7 10 13 17 20 23 27
4 7 10 15 16 19 24 27
4 7 10 15 16 21 24 27
4 7 10 15 16 20 23 27
4 7 10 15 18 21 23 27
4 7 10 15 18 20 23 27
4 7 10 15 17 19 24 27
4 7 10 15 17 21 23 27
4 7 10 15 17 20 23 27
4 5 11 14 16 19 24 27
4 5 11 14 16 21 24 27
4 5 11 14 16 20 24 27
4 5 11 14 18 21 24 27
4 5 11 14 18 20 24 27
4 5 11 14 17 19 24 27
4 5 11 14 17 21 24 27
4 5 11 14 17 20 24 27
4 5 11 13 16 19 24 27
4 5 11 13 16 21 24 27
4 5 11 13 16 20 23 27
4 5 11 13 18 19 24 27
4 5 11 13 18 21 24 27
4 5 11 13 18 20 23 27
4 5 11 13 17 19 24 27
4 5 11 13 17 21 23 27
4 5 11 13 17 20 23 27
4 5 11 15 16 21 24 27
4 5 11 15 16 20 24 27
4 5 11 15 18 21 24 27
4 5 11 15 18 20 23 27
4 5 11 15 17 19 24 27
4 5 11 15 17 21 23 27
4 5 11 15 17 20 23 27
4 5 12 14 16 19 24 27
4 5 12 14 16 20 24 27
4 5 12 14 18 21 24 27
4 5 12 14 18 20 24 27
4 5 12 14 17 19 24 27
4 5 12 14 17 21 24 27
4 5 12 14 17 20 24 27
4 5 12 13 16 19 24 27
4 5 12 13 16 21 24 27
4 5 12 13 16 20 23 27
4 5 12 13 18 19 24 27
4 5 12 13 18 21 24 27
4 5 12 13 18 20 23 27
4 5 12 13 17 19 24 27
4 5 12 13 17 21 23 27
4 5 12 13 17 20 23 27
4 5 12 15 17 19 24 27
4 5 12 15 17 21 23 27
4 5 12 15 17 20 23 27
4 5 9 14 16 21 24 27
4 5 9 14 16 20 24 27
4 5 9 14 18 21 24 27
4 5 9 14 18 20 24 27
4 5 9 14 17 19 24 27
4 5 9 14 17 21 24 27
4 5 9 14 17 20 24 27
4 5 9 13 16 19 24 27
4 5 9 13 16 21 24 27
4 5 9 13 16 20 23 27
4 5 9 13 18 19 24 27
4 5 9 13 18 21 23 27
4 5 9 13 18 20 23 27
4 5 9 13 17 19 24 27
4 5 9 13 17 21 23 27
4 5 9 13 17 20 23 27
4 5 9 15 16 21 24 27
4 5 9 15 16 20 23 27
4 5 9 15 18 21 23 27
4 5 9 15 18 20 23 27
4 5 9 15 17 19 24 27
4 5 9 15 17 21 23 27
4 5 9 15 17 20 23 27
4 5 10 14 16 19 24 27
4 5 10 14 16 21 24 27
4 5 10 14 16 20 24 27
4 5 10 14 18 21 24 27
4 5 10 14 18 20 24 27
4 5 10 14 17 19 24 27
4 5 10 14 17 21 24 27
4 5 10 14 17 20 24 27
4 5 10 13 16 19 24 27
4 5 10 13 16 21 24 27
4 5 10 13 16 20 23 27
4 5 10 13 18 19 24 27
4 5 10 13 18 21 23 27
4 5 10 13 18 20 23 27
4 5 10 13 17 19 24 27
4 5 10 13 17 21 23 27
4 5 10 13 17 20 23 27
4 5 10 15 16 21 24 27
4 5 10 15 16 20 23 27
4 5 10 15 18 21 23 27
4 5 10 15 18 20 23 27
4 5 10 15 17 19 24 27
4 5 10 15 17 21 23 27
4 5 10 15 17 20 23 27
2 8 11 14 16 19 24 27
2 8 11 14 16 21 24 27
2 8 11 14 16 20 24 27
2 8 11 14 18 19 24 27
2 8 11 14 18 21 24 27
2 8 11 14 18 20 24 27
2 8 11 14 17 19 24 27
2 8 11 14 17 21 24 27
2 8 11 14 17 20 24 27
2 8 11 13 16 19 24 27
2 8 11 13 16 21 24 27
2 8 11 13 16 20 24 27
2 8 11 13 18 19 24 27
2 8 11 13 18 21 24 27
2 8 11 13 18 20 24 27
2 8 11 13 17 19 24 27
2 8 11 13 17 21 24 27
2 8 11 13 17 20 24 27
2 8 11 15 16 19 24 27
2 8 11 15 16 21 24 27
2 8 11 15 16 20 24 27
2 8 11 15 18 19 24 27
2 8 11 15 18 21 24 27
2 8 11 15 18 20 24 27
2 8 11 15 17 19 24 27
2 8 11 15 17 21 24 27
2 8 11 15 17 20 24 27
2 8 12 14 16 19 24 27
2 8 12 14 16 20 24 27
2 8 12 14 18 19 24 27
2 8 12 14 18 21 24 27
2 8 12 14 18 20 24 27
2 8 12 14 17 19 24 27
2 8 12 14 17 21 24 27
2 8 12 14 17 20 24 27
2 8 12 13 16 19 24 27
2 8 12 13 16 21 24 27
2 8 12 13 16 20 24 27
2 8 12 13 18 19 24 27
2 8 12 13 18 21 24 27
2 8 12 13 18 20 24 27
2 8 12 13 17 19 24 27
2 8 12 13 17 21 24 27
2 8 12 13 17 20 24 27
2 8 12 15 16 19 24 27
2 8 12 15 16 21 24 27
2 8 12 15 16 20 24 27
2 8 12 15 18 19 24 27
2 8 12 15 18 21 24 27
2 8 12 15 18 20 24 27
2 8 12 15 17 19 24 27
2 8 12 15 17 21 24 27
2 8 12 15 17 20 24 27
2 8 9 14 16 19 24 27
2 8 9 14 16 21 24 27
2 8 9 14 16 20 24 27
2 8 9 14 18 19 24 27
2 8 9 14 18 21 24 27
2 8 9 14 18 20 24 27
2 8 9 14 17 19 24 27
2 8 9 14 17 21 24 27
2 8 9 14 17 20 24 27
2 8 9 13 16 19 24 27
2 8 9 13 16 21 24 27
2 8 9 13 16 20 24 27
2 8 9 13 18 19 24 27
2 8 9 13 18 21 24 27
2 8 9 13 18 20 24 27
2 8 9 13 17 19 24 27
2 8 9 13 17 21 24 27
2 8 9 13 17 20 24 27
2 8 9 15 16 19 24 27
2 8 9 15 16 21 24 27
2 8 9 15 16 20 24 27
2 8 9 15 18 19 24 27
2 8 9 15 18 21 24 27
2 8 9 15 18 20 24 27
2 8 9 15 17 19 24 27
2 8 9 15 17 21 24 27
2 8 9 15 17 20 24 27
2 8 10 14 16 19 24 27
2 8 10 14 16 21 24 27
2 8 10 14 16 20 24 27
2 8 10 14 18 19 24 27
2 8 10 14 18 21 24 27
2 8 10 14 18 20 24 27
2 8 10 14 17 19 24 27
2 8 10 14 17 21 24 27
2 8 10 14 17 20 24 27
2 8 10 13 16 19 24 27
2 8 10 13 16 21 24 27
2 8 10 13 16 20 24 27
2 8 10 13 18 19 24 27
2 8 10 13 18 21 24 27
2 8 10 13 18 20 24 27
2 8 10 13 17 19 24 27
2 8 10 13 17 21 24 27
2 8 10 13 17 20 24 27
2 8 10 15 16 19 24 27
2 8 10 15 16 21 24 27
2 8 10 15 16 20 24 27
2 8 10 15 18 19 24 27
2 8 10 15 18 21 24 27
2 8 10 15 18 20 24 27
2 8 10 15 17 19 24 27
2 8 10 15 17 21 24 27
2 8 10 15 17 20 24 27
2 6 11 14 16 19 24 27
2 6 11 14 16 21 24 27
2 6 11 14 16 20 24 27
2 6 11 14 18 19 24 27
2 6 11 14 18 21 24 27
2 6 11 14 18 20 24 27
2 6 11 14 17 19 24 27
2 6 11 14 17 21 24 27
2 6 11 14 17 20 24 27
2 6 11 13 16 21 24 27
2 6 11 13 16 20 23 27
2 6 11 13 18 19 24 27
2 6 11 13 18 21 24 27
2 6 11 13 18 20 23 27
2 6 11 13 17 19 24 27
2 6 11 13 17 21 23 27
2 6 11 13 17 20 23 27
2 6 11 15 16 21 24 27
2 6 11 15 16 20 24 27
2 6 11 15 18 19 24 27
2 6 11 15 18 21 24 27
2 6 11 15 18 20 23 27
2 6 11 15 17 19 24 27
2 6 11 15 17 21 23 27
2 6 11 15 17 20 23 27
2 6 12 14 16 19 24 27
2 6 12 14 16 20 24 27
2 6 12 14 18 19 24 27
2 6 12 14 18 21 24 27
2 6 12 14 18 20 24 27
2 6 12 14 17 19 24 27
2 6 12 14 17 21 24 27
2 6 12 14 17 20 24 27
2 6 12 13 18 19 24 27
2 6 12 13 18 21 24 27
2 6 12 13 17 19 24 27
2 6 12 13 17 21 23 27
2 6 12 13 17 20 23 27
2 6 12 15 18 19 24 27
2 6 12 15 17 19 24 27
2 6 12 15 17 21 23 27
2 6 12 15 17 20 23 27
2 6 9 14 16 21 24 27
2 6 9 14 16 20 24 27
2 6 9 14 18 19 24 27
2 6 9 14 18 21 24 27
2 6 9 14 18 20 24 27
2 6 9 14 17 19 24 27
2 6 9 14 17 21 24 27
2 6 9 14 17 20 24 27
2 6 9 13 16 21 24 27
2 6 9 13 16 20 23 27
2 6 9 13 18 19 24 27
2 6 9 13 18 21 23 27
2 6 9 13 18 20 23 27
2 6 9 13 17 19 24 27
2 6 9 13 17 21 23 27
2 6 9 13 17 20 23 27
2 6 9 15 16 21 24 27
2 6 9 15 16 20 23 27
2 6 9 15 18 19 24 27
2 6 9 15 18 21 23 27
2 6 9 15 18 20 23 27
2 6 9 15 17 19 24 27
2 6 9 15 17 21 23 27
2 6 9 15 17 20 23 27
2 6 10 14 16 21 24 27
2 6 10 14 16 20 24 27
2 6 10 14 18 19 24 27
2 6 10 14 18 21 24 27
2 6 10 14 18 20 24 27
2 6 10 14 17 19 24 27
2 6 10 14 17 21 24 27
2 6 10 14 17 20 24 27
2 6 10 13 16 21 24 27
2 6 10 13 16 20 23 27
2 6 10 13 18 19 24 27
2 6 10 13 18 21 23 27
2 6 10 13 18 20 23 27
2 6 10 13 17 19 24 27
2 6 10 13 17 21 23 27
2 6 10 13 17 20 23 27
2 6 10 15 16 21 24 27
2 6 10 15 16 20 23 27
2 6 10 15 18 19 24 27
2 6 10 15 18 21 23 27
2 6 10 15 18 20 23 27
2 6 10 15 17 19 24 27
2 6 10 15 17 21 23 27
2 6 10 15 17 20 23 27
2 7 11 14 16 19 24 27
2 7 11 14 16 21 24 27
2 7 11 14 16 20 24 27
2 7 11 14 18 19 24 27
2 7 11 14 18 21 24 27
2 7 11 14 18 20 24 27
2 7 11 14 17 19 24 27
2 7 11 14 17 21 24 27
2 7 11 14 17 20 24 27
2 7 11 13 16 19 24 27
2 7 11 13 16 21 24 27
2 7 11 13 16 20 23 27
2 7 11 13 18 19 24 27
2 7 11 13 18 21 24 27
2 7 11 13 18 20 23 27
2 7 11 13 17 19 24 27
2 7 11 13 17 21 23 27
2 7 11 13 17 20 23 27
2 7 11 15 16 19 24 27
2 7 11 15 16 21 24 27
2 7 11 15 16 20 24 27
2 7 11 15 18 19 24 27
2 7 11 15 18 21 24 27
2 7 11 15 18 20 23 27
2 7 11 15 17 19 24 27
2 7 11 15 17 21 23 27
2 7 11 15 17 20 23 27
2 7 12 14 16 19 24 27
2 7 12 14 16 21 24 27
2 7 12 14 16 20 24 27
2 7 12 14 18 19 24 27
2 7 12 14 18 21 24 27
2 7 12 14 18 20 24 27
2 7 12 14 17 19 24 27
2 7 12 14 17 21 24 27
2 7 12 14 17 20 24 27
2 7 12 13 16 19 24 27
2 7 12 13 16 21 24 27
2 7 12 13 16 20 23 27
2 7 12 13 18 19 24 27
2 7 12 13 18 21 24 27
2 7 12 13 18 20 23 27
2 7 12 13 17 19 24 27
2 7 12 13 17 21 23 27
2 7 12 13 17 20 23 27
2 7 12 15 16 19 24 27
2 7 12 15 16 21 24 27
2 7 12 15 16 20 23 27
2 7 12 15 18 19 24 27
2 7 12 15 18 21 23 27
2 7 12 15 18 20 23 27
2 7 12 15 17 19 24 27
2 7 12 15 17 21 23 27
2 7 12 15 17 20 23 27
2 7 9 14 16 19 24 27
2 7 9 14 16 21 24 27
2 7 9 14 16 20 24 27
2 7 9 14 18 19 24 27
2 7 9 14 18 21 24 27
2 7 9 14 18 20 24 27
2 7 9 14 17 19 24 27
2 7 9 14 17 21 24 27
2 7 9 14 17 20 24 27
2 7 9 13 16 19 24 27
2 7 9 13 16 21 24 27
2 7 9 13 16 20 23 27
2 7 9 13 18 19 24 27
2 7 9 13 18 21 23 27
2 7 9 13 18 20 23 27
2 7 9 13 17 19 24 27
2 7 9 13 17 21 23 27
2 7 9 13 17 20 23 27
2 7 9 15 16 19 24 27
2 7 9 15 16 21 24 27
2 7 9 15 16 20 23 27
2 7 9 15 18 19 24 27
2 7 9 15 18 21 23 27
2 7 9 15 18 20 23 27
2 7 9 15 17 19 24 27
2 7 9 15 17 21 23 27
2 7 9 15 17 20 23 27
2 7 10 14 16 19 24 27
2 7 10 14 16 21 24 27
2 7 10 14 16 20 24 27
2 7 10 14 18 19 24 27
2 7 10 14 18 21 24 27
2 7 10 14 18 20 24 27
2 7 10 14 17 19 24 27
2 7 10 14 17 21 24 27
2 7 10 14 17 20 24 27
2 7 10 13 16 19 24 27
2 7 10 13 16 21 24 27
2 7 10 13 16 20 23 27
2 7 10 13 18 21 23 27
2 7 10 13 18 20 23 27
2 7 10 13 17 19 24 27
2 7 10 13 17 21 23 27
2 7 10 13 17 20 23 27
2 7 10 15 16 19 24 27
2 7 10 15 16 21 24 27
2 7 10 15 16 20 23 27
2 7 10 15 18 19 24 27
2 7 10 15 18 21 23 27
2 7 10 15 18 20 23 27
2 7 10 15 17 19 24 27
2 7 10 15 17 21 23 27
2 7 10 15 17 20 23 27
2 5 11 14 16 19 24 27
2 5 11 14 16 21 24 27
2 5 11 14 16 20 24 27
2 5 11 14 18 21 24 27
2 5 11 14 18 20 24 27
2 5 11 14 17 19 24 27
2 5 11 14 17 21 24 27
2 5 11 14 17 20 24 27
2 5 11 13 16 19 24 27
2 5 11 13 16 21 24 27
2 5 11 13 16 20 23 27
2 5 11 13 18 19 24 27
2 5 11 13 18 21 24 27
2 5 11 13 18 20 23 27
2 5 11 13 17 19 24 27
2 5 11 13 17 21 23 27
2 5 11 13 17 20 23 27
2 5 11 15 16 21 24 27
2 5 11 15 16 20 24 27
2 5 11 15 18 21 24 27
2 5 11 15 18 20 23 27
2 5 11 15 17 19 24 27
2 5 11 15 17 21 23 27
2 5 11 15 17 20 23 27
2 5 12 14 16 19 24 27
2 5 12 14 16 20 24 27
2 5 12 14 18 21 24 27
2 5 12 14 18 20 24 27
2 5 12 14 17 19 24 27
2 5 12 14 17 21 24 27
2 5 12 14 17 20 24 27
2 5 12 13 16 19 24 27
2 5 12 13 16 21 24 27
2 5 12 13 16 20 23 27
2 5 12 13 18 19 24 27
2 5 12 13 18 21 24 27
2 5 12 13 18 20 23 27
2 5 12 13 17 19 24 27
2 5 12 13 17 21 23 27
2 5 12 13 17 20 23 27
2 5 12 15 17 19 24 27
2 5 12 15 17 21 23 27
2 5 12 15 17 20 23 27
2 5 9 14 16 21 24 27
2 5 9 14 16 20 24 27
2 5 9 14 18 21 24 27
2 5 9 14 18 20 24 27
2 5 9 14 17 19 24 27
2 5 9 14 17 21 24 27
2 5 9 14 17 20 24 27
2 5 9 13 16 19 24 27
2 5 9 13 16 21 24 27
2 5 9 13 16 20 23 27
2 5 9 13 18 19 24 27
2 5 9 13 18 21 23 27
2 5 9 13 18 20 23 27
2 5 9 13 17 19 24 27
2 5 9 13 17 21 23 27
2 5 9 13 17 20 23 27
2 5 9 15 16 19 24 27
2 5 9 15 16 21 24 27
2 5 9 15 16 20 23 27
2 5 9 15 18 19 24 27
2 5 9 15 18 21 23 27
2 5 9 15 18 20 23 27
2 5 9 15 17 19 24 27
2 5 9 15 17 21 23 27
2 5 9 15 17 20 23 27
2 5 10 14 16 19 24 27
2 5 10 14 16 21 24 27
2 5 10 14 16 20 24 27
2 5 10 14 18 21 24 27
2 5 10 14 18 20 24 27
2 5 10 14 17 19 24 27
2 5 10 14 17 21 24 27
2 5 10 14 17 20 24 27
2 5 10 13 16 19 24 27
2 5 10 13 16 21 24 27
2 5 10 13 16 20 23 27
2 5 10 13 18 19 24 27
2 5 10 13 18 21 23 27
2 5 10 13 18 20 23 27
2 5 10 13 17 19 24 27
2 5 10 13 17 21 23 27
2 5 10 13 17 20 23 27
2 5 10 15 16 19 24 27
2 5 10 15 16 21 24 27
2 5 10 15 16 20 23 27
2 5 10 15 18 19 24 27
2 5 10 15 18 21 23 27
2 5 10 15 18 20 23 27
2 5 10 15 17 19 24 27
2 5 10 15 17 21 23 27
2 5 10 15 17 20 23 27
3 8 11 14 16 19 24 27
3 8 11 14 16 21 24 27
3 8 11 14 16 20 24 27
3 8 11 14 18 19 24 27
3 8 11 14 18 21 24 27
3 8 11 14 18 20 24 27
3 8 11 14 17 19 24 27
3 8 11 14 17 21 24 27
3 8 11 14 17 20 24 27
3 8 11 13 16 19 24 27
3 8 11 13 16 21 24 27
3 8 11 13 16 20 23 27
3 8 11 13 18 19 24 27
3 8 11 13 18 21 24 27
3 8 11 13 18 20 23 27
3 8 11 13 17 19 24 27
3 8 11 13 17 21 23 27
3 8 11 13 17 20 23 27
3 8 11 15 16 19 24 27
3 8 11 15 16 21 24 27
3 8 11 15 16 20 24 27
3 8 11 15 18 19 24 27
3 8 11 15 18 21 24 27
3 8 11 15 18 20 23 27
3 8 11 15 17 19 24 27
3 8 11 15 17 21 23 27
3 8 11 15 17 20 23 27
3 8 12 14 16 19 24 27
3 8 12 14 16 21 24 27
3 8 12 14 16 20 24 27
3 8 12 14 18 19 24 27
3 8 12 14 18 21 24 27
3 8 12 14 18 20 24 27
3 8 12 14 17 19 24 27
3 8 12 14 17 21 24 27
3 8 12 14 17 20 24 27
3 8 12 13 16 19 24 27
3 8 12 13 16 21 24 27
3 8 12 13 16 20 23 27
3 8 12 13 18 19 24 27
3 8 12 13 18 21 24 27
3 8 12 13 18 20 23 27
3 8 12 13 17 19 24 27
3 8 12 13 17 21 23 27
3 8 12 13 17 20 23 27
3 8 12 15 16 19 24 27
3 8 12 15 16 21 24 27
3 8 12 15 16 20 23 27
3 8 12 15 18 19 24 27
3 8 12 15 18 21 23 27
3 8 12 15 18 20 23 27
3 8 12 15 17 19 24 27
3 8 12 15 17 21 23 27
3 8 12 15 17 20 23 27
3 8 9 14 16 19 24 27
3 8 9 14 16 21 24 27
3 8 9 14 16 20 24 27
3 8 9 14 18 19 24 27
3 8 9 14 18 21 24 27
3 8 9 14 18 20 24 27
3 8 9 14 17 19 24 27
3 8 9 14 17 21 24 27
3 8 9 14 17 20 24 27
3 8 9 13 16 19 24 27
3 8 9 13 16 21 24 27
3 8 9 13 16 20 23 27
3 8 9 13 18 19 24 27
3 8 9 13 18 21 23 27
3 8 9 13 18 20 23 27
3 8 9 13 17 19 24 27
3 8 9 13 17 21 23 27
3 8 9 13 17 20 23 27
3 8 9 15 16 19 24 27
3 8 9 15 16 21 24 27
3 8 9 15 16 20 23 27
3 8 9 15 18 19 24 27
3 8 9 15 18 21 23 27
3 8 9 15 18 20 23 27
3 8 9 15 17 19 24 27
3 8 9 15 17 21 23 27
3 8 9 15 17 20 23 27
3 8 10 14 16 19 24 27
3 8 10 14 16 21 24 27
3 8 10 14 16 20 24 27
3 8 10 14 18 19 24 27
3 8 10 14 18 21 24 27
3 8 10 14 18 20 24 27
3 8 10 14 17 19 24 27
3 8 10 14 17 21 24 27
3 8 10 14 17 20 24 27
3 8 10 13 16 19 24 27
3 8 10 13 16 21 24 27
3 8 10 13 16 20 23 27
3 8 10 13 18 19 24 27
3 8 10 13 18 21 23 27
3 8 10 13 18 20 23 27
3 8 10 13 17 19 24 27
3 8 10 13 17 21 23 27
3 8 10 13 17 20 23 27
3 8 10 15 16 19 24 27
3 8 10 15 16 21 24 27
3 8 10 15 16 20 23 27
3 8 10 15 18 19 24 27
3 8 10 15 18 21 23 27
3 8 10 15 18 20 23 27
3 8 10 15 17 19 24 27
3 8 10 15 17 21 23 27
3 8 10 15 17 20 23 27
3 6 11 14 16 19 24 27
3 6 11 14 16 21 24 27
3 6 11 14 16 20 24 27
3 6 11 14 18 19 24 27
3 6 11 14 18 21 24 27
3 6 11 14 18 20 24 27
3 6 11 14 17 19 24 27
3 6 11 14 17 21 24 27
3 6 11 14 17 20 24 27
3 6 11 13 16 19 24 27
3 6 11 13 16 21 24 27
3 6 11 13 16 20 23 27
3 6 11 13 18 19 24 27
3 6 11 13 18 21 24 27
3 6 11 13 18 20 23 27
3 6 11 13 17 19 24 27
3 6 11 13 17 21 23 27
3 6 11 13 17 20 23 27
3 6 11 15 18 19 24 27
3 6 11 15 18 21 24 27
3 6 11 15 18 20 23 27
3 6 11 15 17 19 24 27
3 6 11 15 17 21 23 27
3 6 11 15 17 20 23 27
3 6 12 14 16 19 24 27
3 6 12 14 16 21 24 27
3 6 12 14 16 20 24 27
3 6 12 14 18 19 24 27
3 6 12 14 18 21 24 27
3 6 12 14 18 20 24 27
3 6 12 14 17 19 24 27
3 6 12 14 17 21 24 27
3 6 12 14 17 20 24 27
3 6 12 13 16 19 24 27
3 6 12 13 16 21 24 27
3 6 12 13 16 20 23 27
3 6 12 13 18 19 24 27
3 6 12 13 18 21 24 27
3 6 12 13 18 20 23 27
3 6 12 13 17 19 24 27
3 6 12 13 17 21 23 27
3 6 12 13 17 20 23 27
3 6 12 15 16 20 23 27
3 6 12 15 18 19 24 27
3 6 12 15 18 21 23 27
3 6 12 15 18 20 23 27
3 6 12 15 17 19 24 27
3 6 12 15 17 21 23 27
3 6 12 15 17 20 23 27
3 6 9 14 16 19 24 27
3 6 9 14 16 21 24 27
3 6 9 14 16 20 24 27
3 6 9 14 18 19 24 27
3 6 9 14 17 19 24 27
3 6 9 14 17 21 24 27
3 6 9 14 17 20 24 27
3 6 9 13 16 19 24 27
3 6 9 13 16 21 24 27
3 6 9 13 16 20 23 27
3 6 9 13 18 19 24 27
3 6 9 13 17 19 24 27
3 6 9 13 17 21 23 27
3 6 9 13 17 20 23 27
3 6 9 15 16 20 23 27
3 6 9 15 18 19 24 27
3 6 9 15 17 19 24 27
3 6 9 15 17 21 23 27
3 6 9 15 17 20 23 27
3 6 10 14 16 19 24 27
3 6 10 14 16 21 24 27
3 6 10 14 16 20 24 27
3 6 10 14 18 19 24 27
3 6 10 14 18 21 24 27
3 6 10 14 18 20 24 27
3 6 10 14 17 19 24 27
3 6 10 14 17 21 24 27
3 6 10 14 17 20 24 27
3 6 10 13 16 19 24 27
3 6 10 13 16 21 24 27
3 6 10 13 16 20 23 27
3 6 10 13 18 19 24 27
3 6 10 13 18 21 23 27
3 6 10 13 18 20 23 27
3 6 10 13 17 19 24 27
3 6 10 13 17 21 23 27
3 6 10 13 17 20 23 27
3 6 10 15 16 20 23 27
3 6 10 15 18 19 24 27
3 6 10 15 18 21 23 27
3 6 10 15 18 20 23 27
3 6 10 15 17 19 24 27
3 6 10 15 17 21 23 27
3 6 10 15 17 20 23 27
3 7 11 14 16 19 24 27
3 7 11 14 16 21 24 27
3 7 11 14 16 20 24 27
3 7 11 14 18 19 24 27
3 7 11 14 18 21 24 27
3 7 11 14 18 20 24 27
3 7 11 14 17 19 24 27
3 7 11 14 17 21 24 27
3 7 11 14 17 20 24 27
3 7 11 13 16 19 24 27
3 7 11 13 16 21 23 27
3 7 11 13 16 20 23 27
3 7 11 13 18 19 24 27
3 7 11 13 18 21 23 27
3 7 11 13 18 20 23 27
3 7 11 13 17 19 24 27
3 7 11 13 17 21 23 27
3 7 11 13 17 20 22 27
3 7 11 15 16 19 24 27
3 7 11 15 16 21 24 27
3 7 11 15 16 20 24 27
3 7 11 15 18 19 24 27
3 7 11 15 18 21 23 27
3 7 11 15 18 20 23 27
3 7 11 15 17 19 24 27
3 7 11 15 17 21 23 27
3 7 11 15 17 20 22 27
3 7 12 14 16 19 24 27
3 7 12 14 16 21 24 27
3 7 12 14 16 20 24 27
3 7 12 14 18 19 24 27
3 7 12 14 18 21 24 27
3 7 12 14 18 20 24 27
3 7 12 14 17 19 24 27
3 7 12 14 17 21 24 27
3 7 12 14 17 20 24 27
3 7 12 13 16 19 24 27
3 7 12 13 16 21 23 27
3 7 12 13 16 20 23 27
3 7 12 13 18 19 24 27
3 7 12 13 18 21 23 27
3 7 12 13 18 20 23 27
3 7 12 13 17 19 24 27
3 7 12 13 17 21 23 27
3 7 12 13 17 20 22 27
3 7 12 15 16 19 24 27
3 7 12 15 16 21 23 27
3 7 12 15 16 20 23 27
3 7 12 15 18 19 24 27
3 7 12 15 18 21 23 27
3 7 12 15 18 20 22 27
3 7 12 15 17 19 24 27
3 7 12 15 17 21 23 27
3 7 12 15 17 20 22 27
3 7 9 14 16 19 24 27
3 7 9 14 16 21 24 27
3 7 9 14 16 20 24 27
3 7 9 14 18 19 24 27
3 7 9 14 18 21 24 27
3 7 9 14 18 20 24 27
3 7 9 14 17 19 24 27
3 7 9 14 17 21 24 27
3 7 9 14 17 20 24 27
3 7 9 13 16 19 24 27
3 7 9 13 16 21 23 27
3 7 9 13 16 20 23 27
3 7 9 13 18 19 24 27
3 7 9 13 18 21 23 27
3 7 9 13 18 20 22 27
3 7 9 13 17 19 24 27
3 7 9 13 17 21 23 27
3 7 9 13 17 20 22 27
3 7 9 15 16 19 24 27
3 7 9 15 16 21 23 27
3 7 9 15 16 20 23 27
3 7 9 15 18 19 24 27
3 7 9 15 18 21 23 27
3 7 9 15 18 20 22 27
3 7 9 15 17 19 24 27
3 7 9 15 17 21 23 27
3 7 9 15 17 20 22 27
3 7 10 14 16 19 24 27
3 7 10 14 16 21 24 27
3 7 10 14 16 20 24 27
3 7 10 14 18 21 24 27
3 7 10 14 18 20 24 27
3 7 10 14 17 19 24 27
3 7 10 14 17 21 24 27
3 7 10 14 17 20 24 27
3 7 10 13 16 19 24 27
3 7 10 13 16 21 23 27
3 7 10 13 16 20 23 27
3 7 10 13 18 21 23 27
3 7 10 13 18 20 22 27
3 7 10 13 17 19 24 27
3 7 10 13 17 21 23 27
3 7 10 13 17 20 22 27
3 7 10 15 16 19 24 27
3 7 10 15 16 21 23 27
3 7 10 15 16 20 23 27
3 7 10 15 18 19 24 27
3 7 10 15 18 21 23 27
3 7 10 15 18 20 22 27
3 7 10 15 17 19 24 27
3 7 10 15 17 21 23 27
3 7 10 15 17 20 22 27
3 5 11 14 16 19 24 27
3 5 11 14 16 21 24 27
3 5 11 14 16 20 24 27
3 5 11 14 18 19 24 27
3 5 11 14 18 21 24 27
3 5 11 14 18 20 24 27
3 5 11 14 17 19 24 27
3 5 11 14 17 21 24 27
3 5 11 14 17 20 24 27
3 5 11 13 16 19 24 27
3 5 11 13 16 21 23 27
3 5 11 13 16 20 25 27
3 5 11 13 18 19 24 27
3 5 11 13 18 21 23 27
3 5 11 13 18 20 25 27
3 5 11 13 17 19 24 27
3 5 11 13 17 21 25 27
3 5 11 13 17 20 22 27
3 5 11 15 18 19 24 27
3 5 11 15 18 21 23 27
3 5 11 15 18 20 25 27
3 5 11 15 17 19 24 27
3 5 11 15 17 21 25 27
3 5 11 15 17 20 22 27
3 5 12 14 16 19 24 27
3 5 12 14 16 21 24 27
3 5 12 14 16 20 24 27
3 5 12 14 18 19 24 27
3 5 12 14 18 21 24 27
3 5 12 14 18 20 24 27
3 5 12 14 17 19 24 27
3 5 12 14 17 21 24 27
3 5 12 14 17 20 24 27
3 5 12 13 16 19 24 27
3 5 12 13 16 21 23 27
3 5 12 13 16 20 25 27
3 5 12 13 18 19 24 27
3 5 12 13 18 21 23 27
3 5 12 13 18 20 25 27
3 5 12 13 17 19 24 27
3 5 12 13 17 21 25 27
3 5 12 13 17 20 22 27
3 5 12 15 16 21 23 27
3 5 12 15 18 19 24 27
3 5 12 15 18 21 25 27
3 5 12 15 18 20 22 27
3 5 12 15 17 19 24 27
3 5 12 15 17 21 25 27
3 5 12 15 17 20 22 27
3 5 9 14 16 19 24 27
3 5 9 14 16 21 24 27
3 5 9 14 16 20 24 27
3 5 9 14 18 19 24 27
3 5 9 14 18 21 24 27
3 5 9 14 18 20 24 27
3 5 9 14 17 19 24 27
3 5 9 14 17 21 24 27
3 5 9 14 17 20 24 27
3 5 9 13 16 19 24 27
3 5 9 13 16 21 23 27
3 5 9 13 16 20 25 27
3 5 9 13 18 19 24 27
3 5 9 13 18 21 25 27
3 5 9 13 18 20 22 27
3 5 9 13 17 19 24 27
3 5 9 13 17 21 25 27
3 5 9 13 17 20 22 27
3 5 9 15 16 19 24 27
3 5 9 15 16 21 23 27
3 5 9 15 16 20 25 27
3 5 9 15 18 19 24 27
3 5 9 15 18 21 25 27
3 5 9 15 18 20 22 27
3 5 9 15 17 19 24 27
3 5 9 15 17 21 25 27
3 5 9 15 17 20 22 27
3 5 10 14 16 19 24 27
3 5 10 14 16 21 24 27
3 5 10 14 16 20 24 27
3 5 10 14 18 19 24 27
3 5 10 14 18 21 24 27
3 5 10 14 18 20 24 27
3 5 10 14 17 19 24 27
3 5 10 14 17 21 24 27
3 5 10 14 17 20 24 27
3 5 10 13 16 19 24 27
3 5 10 13 16 21 23 27
3 5 10 13 16 20 25 27
3 5 10 13 18 19 24 27
3 5 10 13 18 21 25 27
3 5 10 13 18 20 22 27
3 5 10 13 17 19 24 27
3 5 10 13 17 21 25 27
3 5 10 13 17 20 22 27
3 5 10 15 16 19 24 27
3 5 10 15 16 21 23 27
3 5 10 15 16 20 25 27
3 5 10 15 18 19 24 27
3 5 10 15 18 21 25 27
3 5 10 15 18 20 22 27
3 5 10 15 17 19 24 27
3 5 10 15 17 21 25 27
3 5 10 15 17 20 22 27
1 8 11 14 16 19 24 27
1 8 11 14 16 20 24 27
1 8 11 14 18 19 24 27
1 8 11 14 18 21 24 27
1 8 11 14 18 20 24 27
1 8 11 14 17 19 24 27
1 8 11 14 17 21 24 27
1 8 11 14 17 20 24 27
1 8 11 13 16 19 24 27
1 8 11 13 16 21 24 27
1 8 11 13 16 20 23 27
1 8 11 13 18 19 24 27
1 8 11 13 18 21 24 27
1 8 11 13 18 20 23 27
1 8 11 13 17 19 24 27
1 8 11 13 17 21 23 27
1 8 11 13 17 20 23 27
1 8 11 15 16 19 24 27
1 8 11 15 16 21 24 27
1 8 11 15 16 20 24 27
1 8 11 15 18 19 24 27
1 8 11 15 18 21 24 27
1 8 11 15 18 20 23 27
1 8 11 15 17 19 24 27
1 8 11 15 17 21 23 27
1 8 11 15 17 20 23 27
1 8 12 14 16 19 24 27
1 8 12 14 16 20 24 27
1 8 12 14 18 19 24 27
1 8 12 14 18 21 24 27
1 8 12 14 18 20 24 27
1 8 12 14 17 19 24 27
1 8 12 14 17 21 24 27
1 8 12 14 17 20 24 27
1 8 12 13 16 19 24 27
1 8 12 13 16 21 24 27
1 8 12 13 16 20 23 27
1 8 12 13 18 19 24 27
1 8 12 13 18 21 24 27
1 8 12 13 18 20 23 27
1 8 12 13 17 19 24 27
1 8 12 13 17 21 23 27
1 8 12 13 17 20 23 27
1 8 12 15 16 19 24 27
1 8 12 15 16 21 24 27
1 8 12 15 16 20 23 27
1 8 12 15 18 19 24 27
1 8 12 15 18 21 23 27
1 8 12 15 18 20 23 27
1 8 12 15 17 19 24 27
1 8 12 15 17 21 23 27
1 8 12 15 17 20 23 27
1 8 9 14 16 19 24 27
1 8 9 14 16 20 24 27
1 8 9 14 18 19 24 27
1 8 9 14 18 20 24 27
1 8 9 14 17 19 24 27
1 8 9 14 17 20 24 27
1 8 9 13 16 19 24 27
1 8 9 13 16 21 24 27
1 8 9 13 16 20 23 27
1 8 9 13 18 19 24 27
1 8 9 13 18 21 23 27
1 8 9 13 18 20 23 27
1 8 9 13 17 19 24 27
1 8 9 15 16 19 24 27
1 8 9 15 16 21 24 27
1 8 9 15 16 20 23 27
1 8 9 15 18 19 24 27
1 8 9 15 18 21 23 27
1 8 9 15 18 20 23 27
1 8 9 15 17 19 24 27
1 8 9 15 17 21 23 27
1 8 9 15 17 20 23 27
1 8 10 14 16 19 24 27
1 8 10 14 16 20 24 27
1 8 10 14 18 19 24 27
1 8 10 14 18 21 24 27
1 8 10 14 18 20 24 27
1 8 10 14 17 19 24 27
1 8 10 14 17 21 24 27
1 8 10 14 17 20 24 27
1 8 10 13 16 19 24 27
1 8 10 13 16 21 24 27
1 8 10 13 16 20 23 27
1 8 10 13 18 19 24 27
1 8 10 13 18 21 23 27
1 8 10 13 18 20 23 27
1 8 10 13 17 19 24 27
1 8 10 13 17 21 23 27
1 8 10 13 17 20 23 27
1 8 10 15 16 19 24 27
1 8 10 15 16 21 24 27
1 8 10 15 16 20 23 27
1 8 10 15 18 19 24 27
1 8 10 15 18 21 23 27
1 8 10 15 18 20 23 27
1 8 10 15 17 19 24 27
1 8 10 15 17 21 23 27
1 8 10 15 17 20 23 27
1 6 11 14 16 19 24 27
1 6 11 14 16 20 24 27
1 6 11 14 18 19 24 27
1 6 11 14 18 21 24 27
1 6 11 14 18 20 24 27
1 6 11 14 17 19 24 27
1 6 11 14 17 21 24 27
1 6 11 14 17 20 24 27
1 6 11 13 16 19 24 27
1 6 11 13 18 19 24 27
1 6 11 13 17 19 24 27
1 6 11 13 17 21 23 27
1 6 11 13 17 20 22 27
1 6 11 15 16 19 24 27
1 6 11 15 18 19 24 27
1 6 11 15 17 19 24 27
1 6 11 15 17 21 23 27
1 6 11 15 17 20 22 27
1 6 12 14 16 19 24 27
1 6 12 14 16 20 24 27
1 6 12 14 18 19 24 27
1 6 12 14 18 21 24 27
1 6 12 14 18 20 24 27
1 6 12 14 17 19 24 27
1 6 12 14 17 21 24 27
1 6 12 14 17 20 24 27
1 6 12 13 18 19 24 27
1 6 12 13 17 19 24 27
1 6 12 13 17 21 23 27
1 6 12 13 17 20 22 27
1 6 12 15 18 19 24 27
1 6 12 15 18 20 22 27
1 6 12 15 17 19 24 27
1 6 12 15 17 21 23 27
1 6 12 15 17 20 22 27
1 6 9 14 16 19 24 27
1 6 9 14 16 20 24 27
1 6 9 14 18 19 24 27
1 6 9 14 18 20 24 27
1 6 9 14 17 19 24 27
1 6 9 14 17 20 24 27
1 6 9 13 16 19 24 27
1 6 9 13 18 19 24 27
1 6 9 13 17 19 24 27
1 6 9 15 16 19 24 27
1 6 9 15 18 19 24 27
1 6 9 15 17 19 24 27
1 6 10 14 16 19 24 27
1 6 10 14 16 20 24 27
1 6 10 14 18 19 24 27
1 6 10 14 18 21 24 27
1 6 10 14 18 20 24 27
1 6 10 14 17 19 24 27
1 6 10 14 17 21 24 27
1 6 10 14 17 20 24 27
1 6 10 13 16 19 24 27
1 6 10 13 18 19 24 27
1 6 10 13 18 20 22 27
1 6 10 13 17 19 24 27
1 6 10 13 17 21 23 27
1 6 10 13 17 20 22 27
1 6 10 15 16 19 24 27
1 6 10 15 18 19 24 27
1 6 10 15 18 20 22 27
1 6 10 15 17 19 24 27
1 6 10 15 17 21 23 27
1 6 10 15 17 20 22 27
1 7 11 14 16 19 24 27
1 7 11 14 16 21 24 27
1 7 11 14 16 20 24 27
1 7 11 14 18 19 24 27
1 7 11 14 18 21 24 27
1 7 11 14 18 20 24 27
1 7 11 14 17 19 24 27
1 7 11 14 17 21 24 27
1 7 11 14 17 20 24 27
1 7 11 13 16 19 24 27
1 7 11 13 16 21 23 27
1 7 11 13 16 20 25 27
1 7 11 13 18 19 24 27
1 7 11 13 18 21 23 27
1 7 11 13 18 20 25 27
1 7 11 13 17 19 24 27
1 7 11 13 17 21 25 27
1 7 11 13 17 20 22 27
1 7 11 15 16 19 24 27
1 7 11 15 16 21 24 27
1 7 11 15 16 20 24 27
1 7 11 15 18 19 24 27
1 7 11 15 18 21 23 27
1 7 11 15 18 20 25 27
1 7 11 15 17 19 24 27
1 7 11 15 17 21 25 27
1 7 11 15 17 20 22 27
1 7 12 14 16 19 24 27
1 7 12 14 16 21 24 27
1 7 12 14 16 20 24 27
1 7 12 14 18 19 24 27
1 7 12 14 18 21 24 27
1 7 12 14 18 20 24 27
1 7 12 14 17 19 24 27
1 7 12 14 17 21 24 27
1 7 12 14 17 20 24 27
1 7 12 13 16 19 24 27
1 7 12 13 16 21 23 27
1 7 12 13 16 20 25 27
1 7 12 13 18 19 24 27
1 7 12 13 18 21 23 27
1 7 12 13 18 20 25 27
1 7 12 13 17 19 24 27
1 7 12 13 17 21 25 27
1 7 12 13 17 20 22 27
1 7 12 15 16 19 24 27
1 7 12 15 16 21 23 27
1 7 12 15 16 20 25 27
1 7 12 15 18 19 24 27
1 7 12 15 18 21 25 27
1 7 12 15 18 20 22 27
1 7 12 15 17 19 24 27
1 7 12 15 17 21 25 27
1 7 12 15 17 20 22 27
1 7 9 14 16 19 24 27
1 7 9 14 16 21 24 27
1 7 9 14 16 20 24 27
1 7 9 14 18 19 24 27
1 7 9 14 18 21 24 27
1 7 9 14 18 20 24 27
1 7 9 14 17 19 24 27
1 7 9 14 17 21 24 27
1 7 9 14 17 20 24 27
1 7 9 13 16 19 24 27
1 7 9 13 16 21 23 27
1 7 9 13 16 20 25 27
1 7 9 13 18 19 24 27
1 7 9 13 18 21 25 27
1 7 9 13 18 20 22 27
1 7 9 13 17 19 24 27
1 7 9 13 17 21 25 27
1 7 9 13 17 20 22 27
1 7 9 15 16 19 24 27
1 7 9 15 16 21 23 27
1 7 9 15 16 20 25 27
1 7 9 15 18 19 24 27
1 7 9 15 18 21 25 27
1 7 9 15 18 20 22 27
1 7 9 15 17 19 24 27
1 7 9 15 17 21 25 27
1 7 9 15 17 20 22 27
1 7 10 14 16 19 24 27
1 7 10 14 16 21 24 27
1 7 10 14 16 20 24 27
1 7 10 14 18 19 24 27
1 7 10 14 18 21 24 27
1 7 10 14 18 20 24 27
1 7 10 14 17 19 24 27
1 7 10 14 17 21 24 27
1 7 10 14 17 20 24 27
1 7 10 13 16 19 24 27
1 7 10 13 16 21 23 27
1 7 10 13 16 20 25 27
1 7 10 13 18 21 25 27
1 7 10 13 18 20 22 27
1 7 10 13 17 19 24 27
1 7 10 13 17 21 25 27
1 7 10 13 17 20 22 27
1 7 10 15 16 19 24 27
1 7 10 15 16 21 23 27
1 7 10 15 16 20 25 27
1 7 10 15 18 19 24 27
1 7 10 15 18 21 25 27
1 7 10 15 18 20 22 27
1 7 10 15 17 19 24 27
1 7 10 15 17 21 25 27
1 7 10 15 17 20 22 27
1 5 11 14 16 19 24 27
1 5 11 14 16 20 24 27
1 5 11 14 18 21 24 27
1 5 11 14 18 20 24 27
1 5 11 14 17 19 24 27
1 5 11 14 17 21 24 27
1 5 11 14 17 20 24 27
1 5 11 13 16 19 24 27
1 5 11 13 16 21 23 27
1 5 11 13 16 20 25 27
1 5 11 13 18 19 24 27
1 5 11 13 18 21 23 27
1 5 11 13 18 20 25 27
1 5 11 13 17 19 24 27
1 5 11 13 17 21 25 27
1 5 11 13 17 20 22 27
1 5 11 15 18 20 25 27
1 5 11 15 17 19 24 27
1 5 11 15 17 21 25 27
1 5 11 15 17 20 22 27
1 5 12 14 16 19 24 27
1 5 12 14 16 20 24 27
1 5 12 14 18 21 24 27
1 5 12 14 18 20 24 27
1 5 12 14 17 19 24 27
1 5 12 14 17 21 24 27
1 5 12 14 17 20 24 27
1 5 12 13 16 19 24 27
1 5 12 13 16 21 23 27
1 5 12 13 16 20 25 27
1 5 12 13 18 19 24 27
1 5 12 13 18 21 23 27
1 5 12 13 18 20 25 27
1 5 12 13 17 19 24 27
1 5 12 13 17 21 25 27
1 5 12 13 17 20 22 27
1 5 12 15 18 20 22 27
1 5 12 15 17 19 24 27
1 5 12 15 17 21 25 27
1 5 12 15 17 20 22 27
1 5 9 14 18 20 24 27
1 5 9 13 16 19 24 27
1 5 9 13 16 21 23 27
1 5 9 13 16 20 25 27
1 5 9 13 18 19 24 27
1 5 9 13 18 21 25 27
1 5 9 13 18 20 22 27
1 5 9 13 17 19 24 27
1 5 9 13 17 21 25 27
1 5 9 13 17 20 22 27
1 5 9 15 16 19 24 27
1 5 9 15 16 21 23 27
1 5 9 15 16 20 25 27
1 5 9 15 18 19 24 27
1 5 9 15 18 21 25 27
1 5 9 15 18 20 22 27
1 5 9 15 17 19 24 27
1 5 9 15 17 21 25 27
1 5 9 15 17 20 22 27
1 5 10 14 16 19 24 27
1 5 10 14 16 20 24 27
1 5 10 14 18 21 24 27
1 5 10 14 18 20 24 27
1 5 10 14 17 19 24 27
1 5 10 14 17 21 24 27
1 5 10 14 17 20 24 27
1 5 10 13 16 19 24 27
1 5 10 13 16 21 23 27
1 5 10 13 16 20 25 27
1 5 10 13 18 19 24 27
1 5 10 13 18 21 25 27
1 5 10 13 18 20 22 27
1 5 10 13 17 19 24 27
1 5 10 13 17 21 25 27
1 5 10 13 17 20 22 27
1 5 10 15 16 19 24 27
1 5 10 15 16 21 23 27
1 5 10 15 16 20 25 27
1 5 10 15 18 19 24 27
1 5 10 15 18 21 25 27
1 5 10 15 18 20 22 27
1 5 10 15 17 19 24 27
1 5 10 15 17 21 25 27
1 5 10 15 17 20 22 27