7 135 139 142 146 150 151
48 133 136 141 147 150 151
30 135 138 141 147 150 151
34 133 136 140 146 149 151
70 133 136 140 146 149 151
108 133 136 140 146 149 151
66 133 136 142 147 150 151
90 133 136 140 146 149 151
131 134 136 140 146 149 151
122 134 136 140 146 149 151
88 134 137 143 146 150 151
75 134 138 142 147 150 151
37 134 136 140 146 149 151
59 135 136 140 146 149 152
84 135 136 141 146 148 152
23 134 136 143 144 150 152
92 133 136 141 146 148 152
1 134 136 141 146 148 152
100 134 139 142 147 150 152
114 135 138 140 144 149 152
106 134 138 140 144 149 152
113 133 138 140 144 149 152
115 133 136 142 144 149 152
82 135 136 142 146 148 152
12 135 139 140 147 150 152
11 133 136 141 145 149 152
77 134 138 140 146 148 152
74 133 138 140 144 149 152
127 134 137 142 144 149 152
83 134 136 141 146 149 152
117 133 138 142 144 148 152
32 134 138 140 145 149 152
8 135 136 142 144 149 152
78 134 138 140 145 149 152
80 135 137 142 144 149 152
28 134 138 142 144 148 152
38 134 138 140 145 148 152
93 135 136 142 146 148 152
129 133 136 141 146 149 152
65 134 138 140 144 149 152
118 133 139 140 144 150 152
53 135 138 140 145 149 152
49 133 138 140 145 148 152
76 135 139 141 144 150 152
109 134 136 142 146 148 152
44 133 136 142 146 148 152
91 134 138 142 144 148 152
36 133 138 140 146 148 152
69 134 139 141 146 150 152
98 135 138 142 144 148 152
2 135 138 140 146 148 152
111 134 138 140 145 148 152
132 134 138 140 144 149 152
99 134 136 142 144 149 152
19 133 138 140 145 148 152
45 135 136 140 146 149 152
104 133 138 142 145 148 152
20 134 137 140 144 149 152
3 134 137 141 144 149 152
33 134 138 140 146 148 152
81 134 138 140 146 148 152
105 134 136 142 144 149 152
10 135 136 141 146 149 152
112 135 138 142 144 148 152
126 135 136 142 144 149 152
63 135 138 140 145 149 152
6 135 136 142 146 148 152
125 133 138 143 146 150 152
16 135 138 140 146 148 152
103 133 137 142 144 149 152
35 135 139 143 146 150 152
102 135 137 142 144 149 152
15 134 136 142 146 148 152
57 133 136 142 146 148 152
22 133 137 142 147 150 152
9 133 136 142 146 148 152
52 134 136 143 146 150 152
64 135 136 141 146 148 152
27 133 136 141 146 148 152
31 134 136 141 146 149 152
130 133 138 143 147 150 152
123 133 139 142 144 150 152
43 135 136 142 144 149 152
14 134 139 140 146 150 152
86 135 138 140 144 149 152
119 133 136 142 144 149 152
51 135 138 143 145 150 152
13 134 136 142 146 148 152
71 133 136 141 146 149 152
58 133 138 140 145 149 152
39 133 139 143 144 150 152
61 134 137 141 146 148 152
25 135 138 140 145 148 152
56 134 137 142 144 148 152
47 133 136 140 145 149 152
46 135 138 140 146 148 152
79 135 138 142 144 148 152
124 135 137 142 145 148 152
55 133 137 142 144 148 152
97 135 138 140 146 148 152
26 134 138 142 144 148 152
50 134 138 140 144 149 152
29 133 136 142 144 149 152
17 134 136 143 147 150 152
54 134 137 142 144 148 152
18 135 137 142 144 148 152
96 135 136 141 144 149 152
21 133 138 140 146 148 152
67 135 138 143 144 150 152
42 133 138 142 144 148 152
24 135 137 142 144 148 152
5 135 138 140 147 150 152
107 133 139 142 145 150 152
72 135 138 140 144 149 152
62 133 138 140 144 149 152
4 135 138 141 146 148 152
101 133 137 142 144 149 152
68 134 136 142 144 149 152
85 134 137 140 147 150 152
110 135 137 143 144 150 152
60 133 138 141 145 148 152
95 134 137 142 146 148 152
94 133 138 142 144 148 152
40 135 136 140 147 150 152
89 134 136 142 146 148 152
87 135 137 140 145 149 152
116 135 136 140 146 149 152
41 134 139 140 145 150 152
73 133 136 143 145 150 152
121 135 136 142 144 149 152
120 133 138 140 146 148 152
128 133 138 142 144 148 152